GIve the input signal[3 8 -4 -7]

x =

     3     8    -4    -7

How many DFT points required? 100

N =

   100


output =

  Columns 1 through 8

        0             0.1397 + 1.3107i   0.5541 + 2.5690i   1.2289 + 3.7242i   2.1407 + 4.7293i   3.2579 + 5.5421i   4.5419 + 6.1270i   5.9481 + 6.4559i

  Columns 9 through 16

   7.4276 + 6.5095i   8.9288 + 6.2775i  10.3992 + 5.7593i  11.7869 + 4.9639i  13.0426 + 3.9093i  14.1211 + 2.6223i  14.9831 + 1.1373i  15.5957 - 0.5048i

  Columns 17 through 24

  15.9345 - 2.2580i  15.9835 - 4.0727i  15.7360 - 5.8974i  15.1947 - 7.6805i  14.3713 - 9.3718i  13.2866 -10.9244i  11.9689 -12.2961i  10.4539 -13.4506i

  Columns 25 through 32

   8.7825 -14.3589i   7.0000 -15.0000i   5.1545 -15.3616i   3.2948 -15.4401i   1.4693 -15.2411i  -0.2761 -14.7785i  -1.8992 -14.0741i  -3.3629 -13.1569i

  Columns 33 through 40

  -4.6366 -12.0615i  -5.6969 -10.8273i  -6.5283 - 9.4966i  -7.1236 - 8.1132i  -7.4840 - 6.7210i  -7.6188 - 5.3619i  -7.5449 - 4.0749i  -7.2859 - 2.8944i

  Columns 41 through 48

  -6.8713 - 1.8491i  -6.3351 - 0.9611i  -5.7142 - 0.2452i  -5.0475 + 0.2918i  -4.3736 + 0.6506i  -3.7300 + 0.8398i  -3.1511 + 0.8753i  -2.6671 + 0.7792i

  Columns 49 through 56

  -2.3028 + 0.5794i  -2.0767 + 0.3080i  -2.0000            -2.0767 - 0.3080i  -2.3028 - 0.5794i  -2.6671 - 0.7792i  -3.1511 - 0.8753i  -3.7300 - 0.8398i

  Columns 57 through 64

  -4.3736 - 0.6506i  -5.0475 - 0.2918i  -5.7142 + 0.2452i  -6.3351 + 0.9611i  -6.8713 + 1.8491i  -7.2859 + 2.8944i  -7.5449 + 4.0749i  -7.6188 + 5.3619i

  Columns 65 through 72

  -7.4840 + 6.7210i  -7.1236 + 8.1132i  -6.5283 + 9.4966i  -5.6969 +10.8273i  -4.6366 +12.0615i  -3.3629 +13.1569i  -1.8992 +14.0741i  -0.2761 +14.7785i

  Columns 73 through 80

   1.4693 +15.2411i   3.2948 +15.4401i   5.1545 +15.3616i   7.0000 +15.0000i   8.7825 +14.3589i  10.4539 +13.4506i  11.9689 +12.2961i  13.2866 +10.9244i

  Columns 81 through 88

  14.3713 + 9.3718i  15.1947 + 7.6805i  15.7360 + 5.8974i  15.9835 + 4.0727i  15.9345 + 2.2580i  15.5957 + 0.5048i  14.9831 - 1.1373i  14.1211 - 2.6223i

  Columns 89 through 96

  13.0426 - 3.9093i  11.7869 - 4.9639i  10.3992 - 5.7593i   8.9288 - 6.2775i   7.4276 - 6.5095i   5.9481 - 6.4559i   4.5419 - 6.1270i   3.2579 - 5.5421i

  Columns 97 through 100

   2.1407 - 4.7293i   1.2289 - 3.7242i   0.5541 - 2.5690i   0.1397 - 1.3107i
